$ANSIBLE_VAULT;1.1;AES256
63376631363430363934323137333939613162366166376631626562666366303038626564646533
3033313337386461336239346334383039343339363632660a313337616363323966313165383962
39646135616430643139363230613138383830646163376130623535313663383762366437623132
6566656232303839390a616264336430366630613239356433323633356431306331393463336566
32663335623765303131306637633331613663316330363433646433363862326361646234616531
63343833383963333661373864336535626233363966383331666162393261343931623965656131
38373839623863643433376565666133653930306330333734353332323933666535383039633037
66623834393231316131346465376538663335396263623430633233653838343634323936396662
64396234623435646430663138626337623563663262646235336135316239376535376463363630
30353033316664633465373832616366656238636661653832383331633934333032346632643931
66636339366437643530353866353563356534663962623733353366316137323538363565326433
33613436313831663039393030633033363539343233363532323762396431393833643166363861
35363863373230333339333632626233653030303663643261366336623137623165316138613538
37653633663239343631613536633733393835383263383133346661326266643937383830653138
36633266333738333363613461666338366536353333663538643639363730333130643830663065
63306439303461376564656161393564643137326639623762326631653135386633643264646332
65303562383364666536346665666336643264336637323339386636613438353337303036386261
39323866653035616630633033663364343732633164643034356665663061616261393836343930
35313932346262393530373430646666623235653530396566383139303663626235633339303765
35316561616232653433363134393966343263653664323937643364633638623862326265383463
34656663666366353439313634383731373663303764653533616232376234323561383139386663
66306537643638633966346539383535626439376464326530613331333835383163666564656666
62613130646335346266663433613934363932303237663666393633626430393061366665343332
33343461323539386566613463653332383935323339396238626537326262316538393061653332
30636433363234343238313162323261343130613431306434303961326430633139366163343263
61643736333963643533353363313964333464656662396331616432613362383736343164363738
35356530663762313039336332363165663535353065363564383739396562353836663331323136
38636539623931313230643637346332623235336139373161353066646336313165626131663962
39303438646464633337356162636261356631396332393864643266613437366431336463323662
65306264373962303338323232633065336166643739623138633666633534616632346334633237
35623839303663643030663437356236356161643730663735356238373231383435623363643366
35353231613066643965626530363465353738613637363937326230366130353565326539303361
31386335383632346661393239343361633862353134353035353539316132363234336563303662
30366638376638323262366231373133656466353135353764613634303232643233366436373633
37633162643965306438316535623131343231386634363339316564346564323232316238336236
63386434396664646463653231363932353739643764346536393633646263393162376664303033
34666131613330326233616136376361306139353265366434373832366338623335373730333932
61376338343632613462613166613966626363643131303130323735343464393732356539363335
64303732323564613666356538623434366665326530626665626534653964383962343637376336
36376562663538323431356163383763393934376133663637653666383939326532336137363430
64646230316437373432663232306431383766626138323961623531363235313633303361393965
30343766386661663538393464383066666561333032386536653761303733636132373633626261
62656131306637613930653037616137646132336463643034643630383533303338303534656639
61386539643732376336343366393935336238336536666136313066333036633263396132646239
61333266663630653739303938306432643866356161333239633538323365356530633864353438
62653562306331396134303736363839626662643063323266633331333933633037623561366662
63366636663561666638626537616538386536366561323331353361666139396339663538643339
38386563303437306266663135353332313366343530303133633937623932646133373231656561
33643136633337666164626362333335313534373230353866643131623331396231326530653266
30393862336665633565626164346138316364356663336361643866643434313465393738313931
35366433613932343063323738306665323764666433343063373436356534343639353764373234
32616530316463353866613831613739323739643362306332666237623430303130393961396336
38616462313239386331333063323937386432373934333562323137313033363963366662663635
63383262393562353364393562356435373632393765613334323131666335663865356136353961
62643433663236613562343031363766346232666463386637386331616239323832613165373235
63393134336135353234
